# household distribution - source unknown
# row 0:
#   0=dummy probability
#   1=first age cut-off
#   2=second age cut-off
#   3=third age cut-off
#   ...
# columns:
#   0=proportion
#   1=number of adults (18+) in household                   (after 3rd cutoff)
#   2=number of school age children (5--17) in household    (between 2nd and 3rd cutoff)
#   3=number of pre-school age children (0--4) in household (up-to 1st cutoff)
0.0 20 50
0.013509247603369808 0 3 1
0.006182821729447081 0 1 4
0.016483974048610437 0 1 2
0.013009586520770795 1 0 3
0.014465963009586521 1 0 2
0.0167551079694006 1 4 0
0.02091314031180401 0 0 1
0.0027258642393725185 2 1 1
0.024295535973661277 0 0 2
0.03545172847874504 2 2 0
0.0014118330589716279 4 1 1
0.0015919434492108065 5 0 1
0.013088990026145057 3 0 1
0.017097898712113875 4 1 0
0.03946354217100804 2 1 0
0.016301926987508472 0 2 1
0.0062409218553306865 1 0 4
0.013681611310157838 0 1 3
0.0003098673380458991 0 6 1
0.01684032148736322 3 2 0
0.14481940544204513 0 1 0
0.002639682385978503 1 2 1
0.006221555146702818 2 0 3
0.013528614311997676 0 2 2
0.0014447564636390045 1 2 3
0.006349375423646751 0 2 3
0.023063813304928828 0 1 1
0.03574029243730028 3 1 0
0.03941899874116394 1 2 0
0.006190568412898228 4 0 1
0.006261256899389949 0 3 2
0.013084148348988089 2 0 2
0.035971724605403314 1 3 0
0.002643555727704077 1 1 2
0.0017207320615861335 0 1 5
0.021403118040089087 1 1 0
0.001690713663212937 0 3 3
0.014343952745230948 2 0 1
0.0002478938704367193 5 2 1
0.01697007843516994 2 3 0
0.00054129950614893 1 4 2
0.0016839353151931829 1 0 5
0.0016413285562118718 0 2 4
0.0016200251767212162 3 0 3
0.011151350827926794 0 4 0
0.0008172751040960588 5 2 0
0.0005393628352861431 5 1 1
0.0020034860075530164 1 1 1
0.1686598237629515 0 2 0
0.0045143797811561925 5 1 0
0.0005955262903069624 3 2 2
0.0005354894935605694 4 1 2
0.0005558245376198315 2 3 2
0.0007795100222717149 3 4 0
0.0014486298053645783 3 2 1
0.0002982473128691779 3 0 4
0.0014728381911494142 3 1 2
0.005996901326619541 3 0 2
0.0062021884380749496 0 4 1
0.0015948484555049869 4 0 2
0.004354604434976276 2 4 0
0.0025670572286239954 2 1 2
0.007732158419676576 1 0 1
0.0025070204318776023 1 3 1
0.0019463542171008037 0 0 3
0.0014244214195797424 1 4 1
0.0005422678415803235 3 1 3
0.001414738065265808 1 3 2
0.0008201801103902392 4 3 0
8.908685968819599e-05 0 1 7
0.0016413285562118718 0 5 1
0.0014515348116587586 2 1 3
0.002499273748426455 1 1 3
0.00238791517381621 1 2 2
0.001635518543623511 2 0 4
0.0045046964268422585 1 5 0
0.00023627384525999807 1 6 1
0.0017003970175268712 0 4 2
0.0025070204318776023 2 2 1
0.0002827539459668829 0 4 3
0.000532584487266389 3 3 1
0.013743584777767019 0 3 0
0.0024740970272102256 3 1 1
0.0005693812336593396 1 3 3
0.004452406313547013 3 3 0
0.00143216810303089 2 2 2
0.0002478938704367193 4 1 3
0.0014292630967367096 1 1 4
0.0005296794809722088 4 2 1
0.007081437009780188 0 5 0
0.00025854556018204707 4 3 1
0.00030212065459475163 0 5 2
0.0002662922436331945 3 4 1
0.004448532971821439 4 2 0
0.00028372228139827635 0 1 6
0.00028372228139827635 2 5 1
0.0005819695942674543 2 4 1
0.0007959717246054033 2 5 0
0.0002769439333785223 1 5 2
0.000748523288467125 0 0 4
0.00026726057906458796 2 1 5
0.0014331364384622834 2 3 1
0.00021981214292630968 4 4 0
0.0005722862399535199 1 1 5
0.00010167522029631064 0 5 3
0.0005810012588360608 2 2 3
0.00028081727510409607 0 3 4
0.0005906846131499951 1 2 4
0.000822116781253026 6 1 0
0.00024886220586811274 3 3 2
0.00022174881378909654 6 2 0
0.0002866272876924567 2 2 4
0.000799845066330977 1 6 0
0.0005984312966011426 1 5 1
0.0003108356734772925 1 0 6
0.00026919724992737485 1 3 4
0.00029727897743778446 6 0 1
8.908685968819599e-05 3 0 5
8.521351796262225e-05 2 0 6
0.00025564055388786674 1 4 3
0.0005054710951873729 2 1 4
0.0036748329621380848 0 6 0
0.0002798489396727026 0 2 5
0.0002905006294180304 4 0 3
0.0002769439333785223 2 4 2
0.0002236854846518834 2 6 0
0.00030018398373196474 5 0 2
8.134017623704852e-05 6 0 2
0.00022174881378909654 3 5 0
0.0003050256608889319 0 0 5
8.037184080565507e-05 7 0 1
0.0002769439333785223 4 2 2
9.48968722765566e-05 0 2 6
7.553016364868791e-05 0 6 2
0.0002701655853587683 1 1 6
9.683354313934346e-05 0 4 4
0.0002314321681030309 7 1 0
0.0003011523191633582 2 0 5
0.0002721022562215551 2 3 3
0.0002595138956134405 6 1 1
0.00027307059165294857 3 2 3
4.163842354991769e-05 0 0 7
0.000251767212162293 5 1 2
0.00028372228139827635 1 2 5
9.683354313934346e-05 0 3 5
3.098673380458991e-05 0 0 8
0.00023724218069139149 5 3 0
0.00023530550982860462 3 1 4
0.00010942190374745812 0 7 1
0.001356637939382202 0 7 0
0.00013072528323811367 0 0 6
7.456182821729448e-05 5 0 3
0.0002120654594751622 1 7 0
8.424518253122882e-05 1 0 7
9.48968722765566e-05 4 0 4
0.0008250217875472064 0 8 0
