# TODO: this data is copied from 2000
# household distribution - source unknown
# row 0:
#   0=dummy probability
#   1=first age cut-off
#   2=second age cut-off
#   3=third age cut-off
#   ...
# columns:
#   0=proportion
#   1=number of adults (18+) in household                   (after 3rd cutoff)
#   2=number of school age children (5--17) in household    (between 2nd and 3rd cutoff)
#   3=number of pre-school age children (0--4) in household (up-to 1st cutoff)
0.0 20 50
0.04110641462685858 0 1 0
0.04110641462685858 0 0 1
0.05772895178978953 0 2 0
0.05772895178978953 0 0 2
0.025324300961761498 0 1 1
0.005844614710173859 0 3 0
0.005844614710173859 0 0 3
0.03051587898774048 0 2 1
0.03051587898774048 0 1 2
0.0019970797993214646 0 4 0
0.0019970797993214646 0 0 4
0.026429884814526915 0 3 1
0.026429884814526915 0 2 2
0.026429884814526915 0 1 3
0.0007521437186496446 0 5 0
0.0007521437186496446 0 0 5
0.012372125441619615 0 4 1
0.012372125441619615 0 3 2
0.012372125441619615 0 2 3
0.012372125441619615 0 1 4
0.0003359800778693095 0 6 0
0.0003359800778693095 0 0 6
0.0032914936122499785 0 5 1
0.0032914936122499785 0 4 2
0.0032914936122499785 0 3 3
0.0032914936122499785 0 2 4
0.0032914936122499785 0 1 5
0.00011774834841515485 0 7 0
0.00011774834841515485 0 0 7
0.0006252012908788614 0 6 1
0.0006252012908788614 0 5 2
0.0006252012908788614 0 4 3
0.0006252012908788614 0 3 4
0.0006252012908788614 0 2 5
0.0006252012908788614 0 1 6
0.00013933806537498171 0 8 0
0.00013933806537498171 0 0 8
0.00025682806561281804 0 7 1
0.00025682806561281804 0 6 2
0.00025682806561281804 0 5 3
0.00025682806561281804 0 4 4
0.00025682806561281804 0 3 5
0.00025682806561281804 0 2 6
0.00025682806561281804 0 1 7
0.015338092340441334 1 1 0
0.015338092340441334 1 0 1
0.028586212837977885 2 1 0
0.028586212837977885 1 2 0
0.028586212837977885 2 0 1
0.028586212837977885 1 0 2
0.025897713533891625 3 1 0
0.025897713533891625 2 2 0
0.025897713533891625 1 3 0
0.025897713533891625 3 0 1
0.025897713533891625 2 0 2
0.025897713533891625 1 0 3
0.012211819748477426 4 1 0
0.012211819748477426 3 2 0
0.012211819748477426 2 3 0
0.012211819748477426 1 4 0
0.012211819748477426 4 0 1
0.012211819748477426 3 0 2
0.012211819748477426 2 0 3
0.012211819748477426 1 0 4
0.003239772047504394 5 1 0
0.003239772047504394 4 2 0
0.003239772047504394 3 3 0
0.003239772047504394 2 4 0
0.003239772047504394 1 5 0
0.003239772047504394 5 0 1
0.003239772047504394 4 0 2
0.003239772047504394 3 0 3
0.003239772047504394 2 0 4
0.003239772047504394 1 0 5
0.0006097977676432601 6 1 0
0.0006097977676432601 5 2 0
0.0006097977676432601 4 3 0
0.0006097977676432601 3 4 0
0.0006097977676432601 2 5 0
0.0006097977676432601 1 6 0
0.0006097977676432601 6 0 1
0.0006097977676432601 5 0 2
0.0006097977676432601 4 0 3
0.0006097977676432601 3 0 4
0.0006097977676432601 2 0 5
0.0006097977676432601 1 0 6
0.00024156085674213344 7 1 0
0.00024156085674213344 6 2 0
0.00024156085674213344 5 3 0
0.00024156085674213344 4 4 0
0.00024156085674213344 3 5 0
0.00024156085674213344 2 6 0
0.00024156085674213344 1 7 0
0.00024156085674213344 7 0 1
0.00024156085674213344 6 0 2
0.00024156085674213344 5 0 3
0.00024156085674213344 4 0 4
0.00024156085674213344 3 0 5
0.00024156085674213344 2 0 6
0.00024156085674213344 1 0 7
0.003911677015653257 1 1 1
0.005296630963208216 2 1 1
0.005296630963208216 1 2 1
0.005296630963208216 1 1 2
0.004974929062004505 3 1 1
0.004974929062004505 2 2 1
0.004974929062004505 1 3 1
0.004974929062004505 2 1 2
0.004974929062004505 1 2 2
0.004974929062004505 1 1 3
0.0028654046904904645 4 1 1
0.0028654046904904645 3 2 1
0.0028654046904904645 2 3 1
0.0028654046904904645 1 4 1
0.0028654046904904645 3 1 2
0.0028654046904904645 2 2 2
0.0028654046904904645 1 3 2
0.0028654046904904645 2 1 3
0.0028654046904904645 1 2 3
0.0028654046904904645 1 1 4
0.0010929867531517716 5 1 1
0.0010929867531517716 4 2 1
0.0010929867531517716 3 3 1
0.0010929867531517716 2 4 1
0.0010929867531517716 1 5 1
0.0010929867531517716 4 1 2
0.0010929867531517716 3 2 2
0.0010929867531517716 2 3 2
0.0010929867531517716 1 4 2
0.0010929867531517716 3 1 3
0.0010929867531517716 2 2 3
0.0010929867531517716 1 3 3
0.0010929867531517716 2 1 4
0.0010929867531517716 1 2 4
0.0010929867531517716 1 1 5
0.0005197979490180791 6 1 1
0.0005197979490180791 5 2 1
0.0005197979490180791 4 3 1
0.0005197979490180791 3 4 1
0.0005197979490180791 2 5 1
0.0005197979490180791 1 6 1
0.0005197979490180791 5 1 2
0.0005197979490180791 4 2 2
0.0005197979490180791 3 3 2
0.0005197979490180791 2 4 2
0.0005197979490180791 1 5 2
0.0005197979490180791 4 1 3
0.0005197979490180791 3 2 3
0.0005197979490180791 2 3 3
0.0005197979490180791 1 4 3
0.0005197979490180791 3 1 4
0.0005197979490180791 2 2 4
0.0005197979490180791 1 3 4
0.0005197979490180791 2 1 5
0.0005197979490180791 1 2 5
0.0005197979490180791 1 1 6
